[gd_scene load_steps=9 format=2]

[ext_resource path="res://Player.tscn" type="PackedScene" id=1]
[ext_resource path="res://Main.gd" type="Script" id=2]
[ext_resource path="res://boy.tscn" type="PackedScene" id=3]

[sub_resource type="BoxShape" id=1]
extents = Vector3( 85.0342, 1, 52.3353 )

[sub_resource type="CubeMesh" id=2]
size = Vector3( 125, 2, 100 )

[sub_resource type="SphereMesh" id=3]

[sub_resource type="SpatialMaterial" id=4]
albedo_color = Color( 0.545098, 0.0352941, 0.0352941, 1 )

[sub_resource type="Curve3D" id=5]
_data = {
"points": PoolVector3Array( 0, 0, 0, 0, 0, 0, -24.6, 2, -0.1 ),
"tilts": PoolRealArray( 0 )
}

[node name="Main" type="Spatial"]
script = ExtResource( 2 )

[node name="Ground" type="StaticBody" parent="."]
transform = Transform( 1, 0, 0, 0, 1, 0, 0, 0, 1, 25, 0, 0 )

[node name="CollisionShape" type="CollisionShape" parent="Ground"]
transform = Transform( 1, 0, 0, 0, 1, 0, 0, 0, 1, -12.1156, 1, 0 )
shape = SubResource( 1 )

[node name="MeshInstance" type="MeshInstance" parent="Ground"]
transform = Transform( 1, 0, 0, 0, 1, 0, 0, 0, 1, 21.9169, 1, 0.515553 )
mesh = SubResource( 2 )
material/0 = null

[node name="DirectionalLight" type="DirectionalLight" parent="."]
transform = Transform( 1, 0, 0, 0, -0.707107, 0.707107, 0, -0.707107, -0.707107, 0, 18.5578, 0 )
shadow_enabled = true

[node name="CameraPivot" type="Position3D" parent="."]
transform = Transform( 1, 0, 0, 0, 0.999051, 0.0435496, 0, -0.0435496, 0.999051, 0, 50, 58.9727 )

[node name="Camera" type="Camera" parent="CameraPivot"]
transform = Transform( 1, 0, 0, 0, 0.707107, 0.707107, 0, -0.707107, 0.707107, 27, -3.39299, -18.341 )
projection = 1
size = 47.0

[node name="Cursor" type="MeshInstance" parent="."]
transform = Transform( 1, 0, 0, 0, 1, 0, 0, 0, 1, 0, 2, 0 )
mesh = SubResource( 3 )
material/0 = SubResource( 4 )

[node name="Mouse_path" type="Path" parent="."]
curve = SubResource( 5 )

[node name="Mouse_follow" type="PathFollow" parent="Mouse_path"]
transform = Transform( -0.999189, 0, 0.0402755, 0, 1, 0, -0.0402755, 0, -0.999189, 0, 0, 0 )

[node name="Cursor2follow" parent="Mouse_path/Mouse_follow" instance=ExtResource( 1 )]
transform = Transform( -0.0402754, 0, 0.999188, 0, 1, 0, -0.999188, 0, -0.0402754, 0, 2, 0 )

[node name="peoples" type="Spatial" parent="."]

[node name="boy" parent="peoples" instance=ExtResource( 3 )]
transform = Transform( 0.306418, 0, -0.257115, 0, 0.4, 0, 0.257115, 0, 0.306418, 41.7959, -2.40752, -10.4697 )
[connection signal="body_entered" from="peoples/boy" to="peoples/boy" method="_on_boy_body_entered"]
